421.00 42.00
421.00 42.10
421.00 42.20
421.00 42.30
421.00 42.40
421.00 42.50
421.20 42.70
421.40 42.90
421.60 43.10
421.80 43.30
422.00 43.50
422.10 44.00
422.20 44.50
422.30 45.00
422.40 45.50
422.50 46.00
422.50 46.00
422.50 46.00
422.50 46.00
422.50 46.00
422.50 46.00
422.60 46.10
422.70 46.20
422.80 46.30
422.90 46.40
423.00 46.50
423.00 46.50
423.00 46.50
423.00 46.50
423.00 46.50
423.00 46.50
422.90 46.50
422.80 46.50
422.70 46.50
422.60 46.50
422.50 46.50
422.30 46.10
422.10 45.70
421.90 45.30
421.70 44.90
421.50 44.50
421.40 43.70
421.30 42.90
421.20 42.10
421.10 41.30
421.00 40.50
421.20 39.40
421.40 38.30
421.60 37.20
421.80 36.10
422.00 35.00
422.00 34.10
422.00 33.20
422.00 32.30
422.00 31.40
422.00 30.50
421.80 28.80
421.60 27.10
421.40 25.40
421.20 23.70
421.00 22.00
421.20 21.40
421.40 20.80
421.60 20.20
421.80 19.60
422.00 19.00
422.50 16.70
423.00 14.40
423.50 12.10
424.00 9.80
424.50 7.50
424.50 7.40
424.50 7.30
424.50 7.20
424.50 7.10
424.50 7.00
424.50 5.80
424.50 4.60
424.50 3.40
424.50 2.20
424.50 1.00
424.50 1.20
424.50 1.40
424.50 1.60
424.50 1.80
424.50 2.00
424.40 1.90
424.30 1.80
424.20 1.70
424.10 1.60
424.00 1.50
426.00 1.50
428.00 1.50
430.00 1.50
432.00 1.50
434.00 1.50
434.10 1.60
434.20 1.70
434.30 1.80
434.40 1.90
434.50 2.00
434.50 2.00
434.50 2.00
434.50 2.00
434.50 2.00
434.50 2.00
434.20 1.70
433.90 1.40
433.60 1.10
433.30 0.80
433.00 0.50
433.00 0.50
433.00 0.50
433.00 0.50
433.00 0.50
433.00 0.50
433.00 0.50
433.00 0.50
433.00 0.50
433.00 0.50
433.00 0.50
433.00 0.50
433.00 0.50
433.00 0.50
433.00 0.50
433.00 0.50
433.00 0.50
433.00 0.50
433.00 0.50
433.00 0.50
433.00 0.50
433.00 0.50
433.00 0.50
433.00 0.50
433.00 0.50
433.00 0.50
433.00 0.50
433.00 0.50
433.00 0.50
433.00 0.50
433.00 0.50
433.00 0.50
433.00 0.50
433.00 0.50
433.00 0.50
433.00 0.50
432.50 0.40
432.00 0.30
431.50 0.20
431.00 0.10
430.50 0.00
429.70 0.00
428.90 0.00
428.10 0.00
427.30 0.00
426.50 0.00
421.50 0.60
416.50 1.20
411.50 1.80
406.50 2.40
401.50 3.00
401.40 3.00
401.30 3.00
401.20 3.00
401.10 3.00
401.00 3.00
400.10 2.90
399.20 2.80
398.30 2.70
397.40 2.60
396.50 2.50
396.50 2.50
396.50 2.50
396.50 2.50
396.50 2.50
396.50 2.50
395.90 2.40
395.30 2.30
394.70 2.20
394.10 2.10
393.50 2.00
391.30 1.70
389.10 1.40
386.90 1.10
384.70 0.80
382.50 0.50
380.00 0.50
377.50 0.50
375.00 0.50
372.50 0.50
370.00 0.50
367.30 0.50
364.60 0.50
361.90 0.50
359.20 0.50
356.50 0.50
354.60 0.50
352.70 0.50
350.80 0.50
348.90 0.50
347.00 0.50
344.40 0.50
341.80 0.50
339.20 0.50
336.60 0.50
334.00 0.50
329.10 0.50
324.20 0.50
319.30 0.50
314.40 0.50
309.50 0.50
309.30 0.70
309.10 0.90
308.90 1.10
308.70 1.30
308.50 1.50
306.70 1.60
304.90 1.70
303.10 1.80
301.30 1.90
299.50 2.00
299.40 2.00
299.30 2.00
299.20 2.00
299.10 2.00
299.00 2.00
299.00 2.00
299.00 2.00
299.00 2.00
299.00 2.00
299.00 2.00
297.90 2.00
296.80 2.00
295.70 2.00
294.60 2.00
293.50 2.00
293.50 2.00
293.50 2.00
293.50 2.00
293.50 2.00
293.50 2.00
295.10 2.10
296.70 2.20
298.30 2.30
299.90 2.40
301.50 2.50
304.10 2.60
306.70 2.70
309.30 2.80
311.90 2.90
314.50 3.00
316.50 3.30
318.50 3.60
320.50 3.90
322.50 4.20
324.50 4.50
324.50 4.60
324.50 4.70
324.50 4.80
324.50 4.90
324.50 5.00
324.50 5.10
324.50 5.20
324.50 5.30
324.50 5.40
324.50 5.50
324.50 5.70
324.50 5.90
324.50 6.10
324.50 6.30
324.50 6.50
324.50 6.50
324.50 6.50
324.50 6.50
324.50 6.50
324.50 6.50
324.70 6.20
324.90 5.90
325.10 5.60
325.30 5.30
325.50 5.00
325.60 5.00
325.70 5.00
325.80 5.00
325.90 5.00
326.00 5.00
324.00 4.90
322.00 4.80
320.00 4.70
318.00 4.60
316.00 4.50
316.00 4.50
316.00 4.50
316.00 4.50
316.00 4.50
316.00 4.50
315.60 4.50
315.20 4.50
314.80 4.50
314.40 4.50
314.00 4.50
314.00 4.40
314.00 4.30
314.00 4.20
314.00 4.10
314.00 4.00
312.90 3.90
311.80 3.80
310.70 3.70
309.60 3.60
308.50 3.50
308.50 3.50
308.50 3.50
308.50 3.50
308.50 3.50
308.50 3.50
308.50 3.50
308.50 3.50
308.50 3.50
308.50 3.50
308.50 3.50
309.10 3.40
309.70 3.30
310.30 3.20
310.90 3.10
311.50 3.00
312.50 3.00
313.50 3.00
314.50 3.00
315.50 3.00
316.50 3.00
318.40 3.30
320.30 3.60
322.20 3.90
324.10 4.20
326.00 4.50
326.40 5.00
326.80 5.50
327.20 6.00
327.60 6.50
328.00 7.00
332.20 7.30
336.40 7.60
340.60 7.90
344.80 8.20
349.00 8.50
350.70 8.70
352.40 8.90
354.10 9.10
355.80 9.30
357.50 9.50
359.70 9.70
361.90 9.90
364.10 10.10
366.30 10.30
368.50 10.50
371.00 10.70
373.50 10.90
376.00 11.10
378.50 11.30
381.00 11.50
383.50 11.90
386.00 12.30
388.50 12.70
391.00 13.10
393.50 13.50
395.80 13.80
398.10 14.10
400.40 14.40
402.70 14.70
405.00 15.00
409.00 15.70
413.00 16.40
417.00 17.10
421.00 17.80
425.00 18.50
426.80 18.90
428.60 19.30
430.40 19.70
432.20 20.10
434.00 20.50
435.70 20.90
437.40 21.30
439.10 21.70
440.80 22.10
442.50 22.50
444.40 23.90
446.30 25.30
448.20 26.70
450.10 28.10
452.00 29.50
453.80 30.00
455.60 30.50
457.40 31.00
459.20 31.50
461.00 32.00
462.60 32.40
464.20 32.80
465.80 33.20
467.40 33.60
469.00 34.00
470.60 34.30
472.20 34.60
473.80 34.90
475.40 35.20
477.00 35.50
477.70 36.90
478.40 38.30
479.10 39.70
479.80 41.10
480.50 42.50
482.40 44.10
484.30 45.70
486.20 47.30
488.10 48.90
490.00 50.50
490.10 50.70
490.20 50.90
490.30 51.10
490.40 51.30
490.50 51.50
491.00 51.70
491.50 51.90
492.00 52.10
492.50 52.30
493.00 52.50
493.30 53.10
493.60 53.70
493.90 54.30
494.20 54.90
494.50 55.50
493.10 55.30
491.70 55.10
490.30 54.90
488.90 54.70
487.50 54.50
487.60 54.40
487.70 54.30
487.80 54.20
487.90 54.10
488.00 54.00
488.30 53.60
488.60 53.20
488.90 52.80
489.20 52.40
489.50 52.00
489.40 52.10
489.30 52.20
489.20 52.30
489.10 52.40
489.00 52.50
488.70 53.60
488.40 54.70
488.10 55.80
487.80 56.90
487.50 58.00
485.70 60.60
483.90 63.20
482.10 65.80
480.30 68.40
478.50 71.00
478.50 71.00
478.50 71.00
478.50 71.00
478.50 71.00
478.50 71.00
479.60 72.50
480.70 74.00
481.80 75.50
482.90 77.00
484.00 78.50
484.10 79.40
484.20 80.30
484.30 81.20
484.40 82.10
484.50 83.00
484.80 83.50
485.10 84.00
485.40 84.50
485.70 85.00
486.00 85.50
486.40 86.70
486.80 87.90
487.20 89.10
487.60 90.30
488.00 91.50
488.50 92.40
489.00 93.30
489.50 94.20
490.00 95.10
490.50 96.00
492.10 96.80
493.70 97.60
495.30 98.40
496.90 99.20
498.50 100.00
499.10 100.80
499.70 101.60
500.30 102.40
500.90 103.20
501.50 104.00
500.20 103.90
498.90 103.80
497.60 103.70
496.30 103.60
495.00 103.50
494.40 102.90
493.80 102.30
493.20 101.70
492.60 101.10
492.00 100.50
490.90 100.20
489.80 99.90
488.70 99.60
487.60 99.30
486.50 99.00
485.60 98.30
484.70 97.60
483.80 96.90
482.90 96.20
482.00 95.50
481.70 94.00
481.40 92.50
481.10 91.00
480.80 89.50
480.50 88.00
478.70 87.70
476.90 87.40
475.10 87.10
473.30 86.80
471.50 86.50
470.60 86.10
469.70 85.70
468.80 85.30
467.90 84.90
467.00 84.50
465.50 83.10
464.00 81.70
462.50 80.30
461.00 78.90
459.50 77.50
455.70 76.20
451.90 74.90
448.10 73.60
444.30 72.30
440.50 71.00
438.90 70.60
437.30 70.20
435.70 69.80
434.10 69.40
432.50 69.00
430.00 68.20
427.50 67.40
425.00 66.60
422.50 65.80
420.00 65.00
417.50 64.10
415.00 63.20
412.50 62.30
410.00 61.40
407.50 60.50
405.20 59.90
402.90 59.30
400.60 58.70
398.30 58.10
396.00 57.50
393.80 56.90
391.60 56.30
389.40 55.70
387.20 55.10
385.00 54.50
383.00 54.10
381.00 53.70
379.00 53.30
377.00 52.90
375.00 52.50
373.00 52.30
371.00 52.10
369.00 51.90
367.00 51.70
365.00 51.50
362.60 50.80
360.20 50.10
357.80 49.40
355.40 48.70
353.00 48.00
350.70 47.70
348.40 47.40
346.10 47.10
343.80 46.80
341.50 46.50
340.30 46.40
339.10 46.30
337.90 46.20
336.70 46.10
335.50 46.00
334.30 45.80
333.10 45.60
331.90 45.40
330.70 45.20
329.50 45.00
328.50 44.80
327.50 44.60
326.50 44.40
325.50 44.20
324.50 44.00
323.50 44.00
322.50 44.00
321.50 44.00
320.50 44.00
319.50 44.00
318.70 44.10
317.90 44.20
317.10 44.30
316.30 44.40
315.50 44.50
314.90 44.60
314.30 44.70
313.70 44.80
313.10 44.90
312.50 45.00
311.20 45.00
309.90 45.00
308.60 45.00
307.30 45.00
306.00 45.00
305.60 44.50
305.20 44.00
304.80 43.50
304.40 43.00
304.00 42.50
305.20 43.00
306.40 43.50
307.60 44.00
308.80 44.50
310.00 45.00
310.60 45.30
311.20 45.60
311.80 45.90
312.40 46.20
313.00 46.50
313.50 46.80
314.00 47.10
314.50 47.40
315.00 47.70
315.50 48.00
316.00 48.70
316.50 49.40
317.00 50.10
317.50 50.80
318.00 51.50
318.60 52.30
319.20 53.10
319.80 53.90
320.40 54.70
321.00 55.50
321.40 56.90
321.80 58.30
322.20 59.70
322.60 61.10
323.00 62.50
323.60 63.40
324.20 64.30
324.80 65.20
325.40 66.10
326.00 67.00
326.80 67.40
327.60 67.80
328.40 68.20
329.20 68.60
330.00 69.00
330.40 69.20
330.80 69.40
331.20 69.60
331.60 69.80
332.00 70.00
332.40 70.20
332.80 70.40
333.20 70.60
333.60 70.80
334.00 71.00
334.60 71.10
335.20 71.20
335.80 71.30
336.40 71.40
337.00 71.50
337.90 71.50
338.80 71.50
339.70 71.50
340.60 71.50
341.50 71.50
342.70 71.30
343.90 71.10
345.10 70.90
346.30 70.70
347.50 70.50
349.10 70.60
350.70 70.70
352.30 70.80
353.90 70.90
355.50 71.00
357.40 71.20
359.30 71.40
361.20 71.60
363.10 71.80
365.00 72.00
367.40 72.40
369.80 72.80
372.20 73.20
374.60 73.60
377.00 74.00
379.70 73.70
382.40 73.40
385.10 73.10
387.80 72.80
390.50 72.50
392.70 72.90
394.90 73.30
397.10 73.70
399.30 74.10
401.50 74.50
403.90 75.30
406.30 76.10
408.70 76.90
411.10 77.70
413.50 78.50
415.90 79.30
418.30 80.10
420.70 80.90
423.10 81.70
425.50 82.50
427.40 83.10
429.30 83.70
431.20 84.30
433.10 84.90
435.00 85.50
438.20 86.30
441.40 87.10
444.60 87.90
447.80 88.70
451.00 89.50
454.40 91.80
457.80 94.10
461.20 96.40
464.60 98.70
468.00 101.00
469.10 101.60
470.20 102.20
471.30 102.80
472.40 103.40
473.50 104.00
474.70 104.60
475.90 105.20
477.10 105.80
478.30 106.40
479.50 107.00
481.70 107.60
483.90 108.20
486.10 108.80
488.30 109.40
490.50 110.00
491.00 110.50
491.50 111.00
492.00 111.50
492.50 112.00
493.00 112.50
493.60 113.10
494.20 113.70
494.80 114.30
495.40 114.90
496.00 115.50
496.80 115.50
497.60 115.50
498.40 115.50
499.20 115.50
500.00 115.50
499.70 115.10
499.40 114.70
499.10 114.30
498.80 113.90
498.50 113.50
499.00 113.50
499.50 113.50
500.00 113.50
500.50 113.50
501.00 113.50
501.00 113.30
501.00 113.10
501.00 112.90
501.00 112.70
501.00 112.50
501.00 112.40
501.00 112.30
501.00 112.20
501.00 112.10
501.00 112.00
500.90 111.50
500.80 111.00
500.70 110.50
500.60 110.00
500.50 109.50
500.30 109.80
500.10 110.10
499.90 110.40
499.70 110.70
499.50 111.00
498.90 111.40
498.30 111.80
497.70 112.20
497.10 112.60
496.50 113.00
496.00 114.90
495.50 116.80
495.00 118.70
494.50 120.60
494.00 122.50
493.50 125.60
493.00 128.70
492.50 131.80
492.00 134.90
491.50 138.00
491.30 138.00
491.10 138.00
490.90 138.00
490.70 138.00
490.50 138.00
490.30 138.10
490.10 138.20
489.90 138.30
489.70 138.40
489.50 138.50
489.50 138.70
489.50 138.90
489.50 139.10
489.50 139.30
489.50 139.50
489.30 139.40
489.10 139.30
488.90 139.20
488.70 139.10
488.50 139.00
487.60 138.60
486.70 138.20
485.80 137.80
484.90 137.40
484.00 137.00
482.70 135.70
481.40 134.40
480.10 133.10
478.80 131.80
477.50 130.50
476.70 128.80
475.90 127.10
475.10 125.40
474.30 123.70
473.50 122.00
472.70 121.10
471.90 120.20
471.10 119.30
470.30 118.40
469.50 117.50
468.30 117.30
467.10 117.10
465.90 116.90
464.70 116.70
463.50 116.50
460.10 115.50
456.70 114.50
453.30 113.50
449.90 112.50
446.50 111.50
444.60 110.70
442.70 109.90
440.80 109.10
438.90 108.30
437.00 107.50
433.80 105.90
430.60 104.30
427.40 102.70
424.20 101.10
421.00 99.50
418.90 99.00
416.80 98.50
414.70 98.00
412.60 97.50
410.50 97.00
409.00 96.30
407.50 95.60
406.00 94.90
404.50 94.20
403.00 93.50
400.70 92.20
398.40 90.90
396.10 89.60
393.80 88.30
391.50 87.00
388.90 86.50
386.30 86.00
383.70 85.50
381.10 85.00
378.50 84.50
373.80 83.40
369.10 82.30
364.40 81.20
359.70 80.10
355.00 79.00
354.00 78.60
353.00 78.20
352.00 77.80
351.00 77.40
350.00 77.00
348.40 76.60
346.80 76.20
345.20 75.80
343.60 75.40
342.00 75.00
340.50 74.60
339.00 74.20
337.50 73.80
336.00 73.40
334.50 73.00
333.10 71.90
331.70 70.80
330.30 69.70
328.90 68.60
327.50 67.50
326.80 66.40
326.10 65.30
325.40 64.20
324.70 63.10
324.00 62.00
323.50 61.90
323.00 61.80
322.50 61.70
322.00 61.60
321.50 61.50
320.80 61.30
320.10 61.10
319.40 60.90
318.70 60.70
318.00 60.50
317.80 60.50
317.60 60.50
317.40 60.50
317.20 60.50
317.00 60.50
316.80 60.70
316.60 60.90
316.40 61.10
316.20 61.30
316.00 61.50
316.10 61.90
316.20 62.30
316.30 62.70
316.40 63.10
316.50 63.50
316.70 64.10
316.90 64.70
317.10 65.30
317.30 65.90
317.50 66.50
318.20 67.90
318.90 69.30
319.60 70.70
320.30 72.10
321.00 73.50
319.20 76.30
317.40 79.10
315.60 81.90
313.80 84.70
312.00 87.50
315.80 88.70
319.60 89.90
323.40 91.10
327.20 92.30
331.00 93.50
331.30 94.00
331.60 94.50
331.90 95.00
332.20 95.50
332.50 96.00
332.70 96.50
332.90 97.00
333.10 97.50
333.30 98.00
333.50 98.50
333.80 98.90
334.10 99.30
334.40 99.70
334.70 100.10
335.00 100.50
335.10 100.70
335.20 100.90
335.30 101.10
335.40 101.30
335.50 101.50
335.90 101.60
336.30 101.70
336.70 101.80
337.10 101.90
337.50 102.00
338.10 102.20
338.70 102.40
339.30 102.60
339.90 102.80
340.50 103.00
341.30 103.10
342.10 103.20
342.90 103.30
343.70 103.40
344.50 103.50
345.40 103.80
346.30 104.10
347.20 104.40
348.10 104.70
349.00 105.00
350.00 105.30
351.00 105.60
352.00 105.90
353.00 106.20
354.00 106.50
355.60 108.40
357.20 110.30
358.80 112.20
360.40 114.10
362.00 116.00
363.70 116.50
365.40 117.00
367.10 117.50
368.80 118.00
370.50 118.50
372.90 117.40
375.30 116.30
377.70 115.20
380.10 114.10
382.50 113.00
384.60 112.90
386.70 112.80
388.80 112.70
390.90 112.60
393.00 112.50
395.50 116.30
398.00 120.10
400.50 123.90
403.00 127.70
405.50 131.50
408.40 131.90
411.30 132.30
414.20 132.70
417.10 133.10
420.00 133.50
422.40 134.70
424.80 135.90
427.20 137.10
429.60 138.30
432.00 139.50
433.70 139.80
435.40 140.10
437.10 140.40
438.80 140.70
440.50 141.00
441.90 141.70
443.30 142.40
444.70 143.10
446.10 143.80
447.50 144.50
449.90 145.00
452.30 145.50
454.70 146.00
457.10 146.50
459.50 147.00
460.90 147.50
462.30 148.00
463.70 148.50
465.10 149.00
466.50 149.50
467.20 150.20
467.90 150.90
468.60 151.60
469.30 152.30
470.00 153.00
472.50 154.10
475.00 155.20
477.50 156.30
480.00 157.40
482.50 158.50
483.00 158.70
483.50 158.90
484.00 159.10
484.50 159.30
485.00 159.50
486.20 159.90
487.40 160.30
488.60 160.70
489.80 161.10
491.00 161.50
491.00 161.50
491.00 161.50
491.00 161.50
491.00 161.50
491.00 161.50
491.10 161.50
491.20 161.50
491.30 161.50
491.40 161.50
491.50 161.50
491.80 161.50
492.10 161.50
492.40 161.50
492.70 161.50
493.00 161.50
492.80 161.20
492.60 160.90
492.40 160.60
492.20 160.30
492.00 160.00
492.00 159.70
492.00 159.40
492.00 159.10
492.00 158.80
492.00 158.50
492.00 158.30
492.00 158.10
492.00 157.90
492.00 157.70
492.00 157.50
492.10 156.60
492.20 155.70
492.30 154.80
492.40 153.90
492.50 153.00
492.70 150.10
492.90 147.20
493.10 144.30
493.30 141.40
493.50 138.50
493.70 137.10
493.90 135.70
494.10 134.30
494.30 132.90
494.50 131.50
494.60 130.20
494.70 128.90
494.80 127.60
494.90 126.30
495.00 125.00
494.90 124.30
494.80 123.60
494.70 122.90
494.60 122.20
494.50 121.50
494.70 121.20
494.90 120.90
495.10 120.60
495.30 120.30
495.50 120.00
495.60 118.90
495.70 117.80
495.80 116.70
495.90 115.60
496.00 114.50
494.90 114.10
493.80 113.70
492.70 113.30
491.60 112.90
490.50 112.50
490.30 112.50
490.10 112.50
489.90 112.50
489.70 112.50
489.50 112.50
489.40 112.50
489.30 112.50
489.20 112.50
489.10 112.50
489.00 112.50
488.50 112.50
488.00 112.50
487.50 112.50
487.00 112.50
486.50 112.50
486.10 112.30
485.70 112.10
485.30 111.90
484.90 111.70
484.50 111.50
482.50 110.90
480.50 110.30
478.50 109.70
476.50 109.10
474.50 108.50
473.50 108.20
472.50 107.90
471.50 107.60
470.50 107.30
469.50 107.00
468.00 106.40
466.50 105.80
465.00 105.20
463.50 104.60
462.00 104.00
460.60 103.40
459.20 102.80
457.80 102.20
456.40 101.60
455.00 101.00
452.80 100.30
450.60 99.60
448.40 98.90
446.20 98.20
444.00 97.50
440.30 95.80
436.60 94.10
432.90 92.40
429.20 90.70
425.50 89.00
423.10 88.40
420.70 87.80
418.30 87.20
415.90 86.60
413.50 86.00
412.30 85.70
411.10 85.40
409.90 85.10
408.70 84.80
407.50 84.50
404.70 83.80
401.90 83.10
399.10 82.40
396.30 81.70
393.50 81.00
391.20 80.10
388.90 79.20
386.60 78.30
384.30 77.40
382.00 76.50
379.60 75.80
377.20 75.10
374.80 74.40
372.40 73.70
370.00 73.00
367.80 72.40
365.60 71.80
363.40 71.20
361.20 70.60
359.00 70.00
357.50 69.90
356.00 69.80
354.50 69.70
353.00 69.60
351.50 69.50
350.80 69.40
350.10 69.30
349.40 69.20
348.70 69.10
348.00 69.00
346.30 69.10
344.60 69.20
342.90 69.30
341.20 69.40
339.50 69.50
338.60 69.60
337.70 69.70
336.80 69.80
335.90 69.90
335.00 70.00
334.50 70.10
334.00 70.20
333.50 70.30
333.00 70.40
332.50 70.50
332.00 70.70
331.50 70.90
331.00 71.10
330.50 71.30
330.00 71.50
329.80 71.70
329.60 71.90
329.40 72.10
329.20 72.30
329.00 72.50
328.90 72.50
328.80 72.50
328.70 72.50
328.60 72.50
328.50 72.50
328.50 72.40
328.50 72.30
328.50 72.20
328.50 72.10
328.50 72.00
328.50 71.50
328.50 71.00
328.50 70.50
328.50 70.00
328.50 69.50
329.00 67.30
329.50 65.10
330.00 62.90
330.50 60.70
331.00 58.50
330.90 57.50
330.80 56.50
330.70 55.50
330.60 54.50
330.50 53.50
330.50 53.00
330.50 52.50
330.50 52.00
330.50 51.50
330.50 51.00
330.50 50.20
330.50 49.40
330.50 48.60
330.50 47.80
330.50 47.00
330.50 46.50
330.50 46.00
330.50 45.50
330.50 45.00
330.50 44.50
330.60 44.40
330.70 44.30
330.80 44.20
330.90 44.10
331.00 44.00
331.10 44.20
331.20 44.40
331.30 44.60
331.40 44.80
331.50 45.00
331.80 45.10
332.10 45.20
332.40 45.30
332.70 45.40
333.00 45.50
333.60 45.60
334.20 45.70
334.80 45.80
335.40 45.90
336.00 46.00
336.70 46.20
337.40 46.40
338.10 46.60
338.80 46.80
339.50 47.00
340.50 47.50
341.50 48.00
342.50 48.50
343.50 49.00
344.50 49.50
345.60 49.60
346.70 49.70
347.80 49.80
348.90 49.90
350.00 50.00
351.40 50.40
352.80 50.80
354.20 51.20
355.60 51.60
357.00 52.00
360.80 53.40
364.60 54.80
368.40 56.20
372.20 57.60
376.00 59.00
377.80 60.10
379.60 61.20
381.40 62.30
383.20 63.40
385.00 64.50
386.90 65.50
388.80 66.50
390.70 67.50
392.60 68.50
394.50 69.50
396.20 70.10
397.90 70.70
399.60 71.30
401.30 71.90
403.00 72.50
405.90 73.50
408.80 74.50
411.70 75.50
414.60 76.50
417.50 77.50
419.70 78.10
421.90 78.70
424.10 79.30
426.30 79.90
428.50 80.50
430.00 80.80
431.50 81.10
433.00 81.40
434.50 81.70
436.00 82.00
437.40 82.40
438.80 82.80
440.20 83.20
441.60 83.60
443.00 84.00
446.60 86.50
450.20 89.00
453.80 91.50
457.40 94.00
461.00 96.50
461.80 96.50
462.60 96.50
463.40 96.50
464.20 96.50
465.00 96.50
467.60 97.10
470.20 97.70
472.80 98.30
475.40 98.90
478.00 99.50
479.10 99.70
480.20 99.90
481.30 100.10
482.40 100.30
483.50 100.50
484.60 101.20
485.70 101.90
486.80 102.60
487.90 103.30
489.00 104.00
489.70 104.60
490.40 105.20
491.10 105.80
491.80 106.40
492.50 107.00
493.00 107.00
493.50 107.00
494.00 107.00
494.50 107.00
495.00 107.00
495.00 107.20
495.00 107.40
495.00 107.60
495.00 107.80
495.00 108.00
495.00 108.00
495.00 108.00
495.00 108.00
495.00 108.00
495.00 108.00
495.00 108.00
495.00 108.00
495.00 108.00
495.00 108.00
495.00 108.00
493.32 105.14
492.20 104.67
492.43 103.02
491.05 106.99
491.38 104.90
492.25 103.22
491.86 107.65
492.14 104.12
490.61 105.41
493.00 107.00
491.80 104.80
490.60 102.60
489.40 100.40
488.20 98.20
487.00 96.00
487.10 94.40
487.20 92.80
487.30 91.20
487.40 89.60
487.50 88.00
487.30 86.80
487.10 85.60
486.90 84.40
486.70 83.20
486.50 82.00
486.10 80.60
485.70 79.20
485.30 77.80
484.90 76.40
484.50 75.00
484.40 73.70
484.30 72.40
484.20 71.10
484.10 69.80
484.00 68.50
483.70 67.20
483.40 65.90
483.10 64.60
482.80 63.30
482.50 62.00
482.40 61.40
482.30 60.80
482.20 60.20
482.10 59.60
482.00 59.00
481.70 58.30
481.40 57.60
481.10 56.90
480.80 56.20
480.50 55.50
479.80 55.70
479.10 55.90
478.40 56.10
477.70 56.30
477.00 56.50
476.90 56.60
476.80 56.70
476.70 56.80
476.60 56.90
476.50 57.00
476.50 57.00
476.50 57.00
476.50 57.00
476.50 57.00
476.50 57.00
476.50 57.00
476.50 57.00
476.50 57.00
476.50 57.00
476.50 57.00
474.60 56.40
472.70 55.80
470.80 55.20
468.90 54.60
467.00 54.00
465.70 53.70
464.40 53.40
463.10 53.10
461.80 52.80
460.50 52.50
460.10 51.90
459.70 51.30
459.30 50.70
458.90 50.10
458.50 49.50
455.40 47.10
452.30 44.70
449.20 42.30
446.10 39.90
443.00 37.50
441.90 37.20
440.80 36.90
439.70 36.60
438.60 36.30
437.50 36.00
436.10 35.40
434.70 34.80
433.30 34.20
431.90 33.60
430.50 33.00
429.40 32.70
428.30 32.40
427.20 32.10
426.10 31.80
425.00 31.50
421.50 30.60
418.00 29.70
414.50 28.80
411.00 27.90
407.50 27.00
405.60 26.70
403.70 26.40
401.80 26.10
399.90 25.80
398.00 25.50
395.50 26.30
393.00 27.10
390.50 27.90
388.00 28.70
385.50 29.50
381.20 29.30
376.90 29.10
372.60 28.90
368.30 28.70
364.00 28.50
363.40 28.40
362.80 28.30
362.20 28.20
361.60 28.10
361.00 28.00
361.00 28.00
361.00 28.00
361.00 28.00
361.00 28.00
361.00 28.00
355.20 26.00
349.40 24.00
343.60 22.00
337.80 20.00
332.00 18.00
332.00 18.00
332.00 18.00
332.00 18.00
332.00 18.00
332.00 18.00
332.00 18.00
332.00 18.00
332.00 18.00
332.00 18.00
332.00 18.00
331.90 18.00
331.80 18.00
331.70 18.00
331.60 18.00
331.50 18.00
330.70 18.70
329.90 19.40
329.10 20.10
328.30 20.80
327.50 21.50
327.50 21.60
327.50 21.70
327.50 21.80
327.50 21.90
327.50 22.00
327.70 22.00
327.90 22.00
328.10 22.00
328.30 22.00
328.50 22.00
328.60 21.90
328.70 21.80
328.80 21.70
328.90 21.60
329.00 21.50
329.10 21.30
329.20 21.10
329.30 20.90
329.40 20.70
329.50 20.50
329.70 19.50
329.90 18.50
330.10 17.50
330.30 16.50
330.50 15.50
331.90 13.20
333.30 10.90
334.70 8.60
336.10 6.30
337.50 4.00
338.20 3.70
338.90 3.40
339.60 3.10
340.30 2.80
341.00 2.50
341.00 2.50
341.00 2.50
341.00 2.50
341.00 2.50
341.00 2.50
341.00 2.50
341.00 2.50
341.00 2.50
341.00 2.50
341.00 2.50
341.30 2.50
341.60 2.50
341.90 2.50
342.20 2.50
342.50 2.50
342.70 2.60
342.90 2.70
343.10 2.80
343.30 2.90
343.50 3.00
344.50 3.10
345.50 3.20
346.50 3.30
347.50 3.40
348.50 3.50
351.00 4.60
353.50 5.70
356.00 6.80
358.50 7.90
361.00 9.00
363.90 9.40
366.80 9.80
369.70 10.20
372.60 10.60
375.50 11.00
376.90 11.40
378.30 11.80
379.70 12.20
381.10 12.60
382.50 13.00
384.70 13.90
386.90 14.80
389.10 15.70
391.30 16.60
393.50 17.50
395.30 18.10
397.10 18.70
398.90 19.30
400.70 19.90
402.50 20.50
404.20 21.00
405.90 21.50
407.60 22.00
409.30 22.50
411.00 23.00
414.20 25.00
417.40 27.00
420.60 29.00
423.80 31.00
427.00 33.00
428.50 34.60
430.00 36.20
431.50 37.80
433.00 39.40
434.50 41.00
437.80 41.90
441.10 42.80
444.40 43.70
447.70 44.60
451.00 45.50
452.80 46.30
454.60 47.10
456.40 47.90
458.20 48.70
460.00 49.50
461.30 50.00
462.60 50.50
463.90 51.00
465.20 51.50
466.50 52.00
467.70 52.50
468.90 53.00
470.10 53.50
471.30 54.00
472.50 54.50
473.80 56.00
475.10 57.50
476.40 59.00
477.70 60.50
479.00 62.00
479.80 62.20
480.60 62.40
481.40 62.60
482.20 62.80
483.00 63.00
482.40 63.10
481.80 63.20
481.20 63.30
480.60 63.40
480.00 63.50
480.70 63.90
481.40 64.30
482.10 64.70
482.80 65.10
483.50 65.50
483.50 65.50
483.50 65.50
483.50 65.50
483.50 65.50
483.50 65.50
481.20 64.40
478.90 63.30
476.60 62.20
474.30 61.10
472.00 60.00
471.90 59.90
471.80 59.80
471.70 59.70
471.60 59.60
471.50 59.50
472.10 59.50
472.70 59.50
473.30 59.50
473.90 59.50
474.50 59.50
473.80 55.00
473.10 50.50
472.40 46.00
471.70 41.50
471.00 37.00
470.20 35.20
469.40 33.40
468.60 31.60
467.80 29.80
467.00 28.00
466.60 27.40
466.20 26.80
465.80 26.20
465.40 25.60
465.00 25.00
464.50 24.20
464.00 23.40
463.50 22.60
463.00 21.80
462.50 21.00
462.90 21.00
463.30 21.00
463.70 21.00
464.10 21.00
464.50 21.00
464.10 20.60
463.70 20.20
463.30 19.80
462.90 19.40
462.50 19.00
461.90 18.70
461.30 18.40
460.70 18.10
460.10 17.80
459.50 17.50
459.00 17.30
458.50 17.10
458.00 16.90
457.50 16.70
457.00 16.50
456.50 16.30
456.00 16.10
455.50 15.90
455.00 15.70
454.50 15.50
453.50 15.20
452.50 14.90
451.50 14.60
450.50 14.30
449.50 14.00
448.20 13.50
446.90 13.00
445.60 12.50
444.30 12.00
443.00 11.50
441.20 10.70
439.40 9.90
437.60 9.10
435.80 8.30
434.00 7.50
432.50 7.40
431.00 7.30
429.50 7.20
428.00 7.10
426.50 7.00
424.10 6.50
421.70 6.00
419.30 5.50
416.90 5.00
414.50 4.50
412.60 4.20
410.70 3.90
408.80 3.60
406.90 3.30
405.00 3.00
403.00 2.80
401.00 2.60
399.00 2.40
397.00 2.20
395.00 2.00
392.90 1.80
390.80 1.60
388.70 1.40
386.60 1.20
384.50 1.00
381.80 1.10
379.10 1.20
376.40 1.30
373.70 1.40
371.00 1.50
371.20 1.70
371.40 1.90
371.60 2.10
371.80 2.30
372.00 2.50
370.30 2.40
368.60 2.30
366.90 2.20
365.20 2.10
363.50 2.00
361.70 1.90
359.90 1.80
358.10 1.70
356.30 1.60
354.50 1.50
353.50 1.50
352.50 1.50
351.50 1.50
350.50 1.50
349.50 1.50
349.10 1.80
348.70 2.10
348.30 2.40
347.90 2.70
347.50 3.00
345.70 3.00
343.90 3.00
342.10 3.00
340.30 3.00
338.50 3.00
338.20 3.00
337.90 3.00
337.60 3.00
337.30 3.00
337.00 3.00
335.90 2.90
334.80 2.80
333.70 2.70
332.60 2.60
331.50 2.50
330.80 2.50
330.10 2.50
329.40 2.50
328.70 2.50
328.00 2.50
327.20 2.50
326.40 2.50
325.60 2.50
324.80 2.50
324.00 2.50
325.30 2.60
326.60 2.70
327.90 2.80
329.20 2.90
330.50 3.00
329.70 3.50
328.90 4.00
328.10 4.50
327.30 5.00
326.50 5.50
326.30 5.90
326.10 6.30
325.90 6.70
325.70 7.10
325.50 7.50
326.30 8.50
327.10 9.50
327.90 10.50
328.70 11.50
329.50 12.50
329.30 12.90
329.10 13.30
328.90 13.70
328.70 14.10
328.50 14.50
328.60 14.70
328.70 14.90
328.80 15.10
328.90 15.30
329.00 15.50
329.10 15.80
329.20 16.10
329.30 16.40
329.40 16.70
329.50 17.00
329.70 17.20
329.90 17.40
330.10 17.60
330.30 17.80
330.50 18.00
330.80 18.10
331.10 18.20
331.40 18.30
331.70 18.40
332.00 18.50
332.30 18.60
332.60 18.70
332.90 18.80
333.20 18.90
333.50 19.00
334.00 19.10
334.50 19.20
335.00 19.30
335.50 19.40
336.00 19.50
336.60 19.50
337.20 19.50
337.80 19.50
338.40 19.50
339.00 19.50
341.90 19.50
344.80 19.50
347.70 19.50
350.60 19.50
353.50 19.50
354.70 19.60
355.90 19.70
357.10 19.80
358.30 19.90
359.50 20.00
360.60 20.10
361.70 20.20
362.80 20.30
363.90 20.40
365.00 20.50
366.60 20.70
368.20 20.90
369.80 21.10
371.40 21.30
373.00 21.50
374.90 21.70
376.80 21.90
378.70 22.10
380.60 22.30
382.50 22.50
385.38 23.00
388.25 23.50
391.12 24.00
394.00 24.50
